437.2495 229.34375
454.27502 198.72284
450.4287 180.04736
458.48975 173.56348
459.91064 156.96753
447.29602 143.18683
445.7005 104.291565
447.7539 92.85321
437.2245 60.102844
433.98413 51.374573
412.56525 70.22406
412.7845 19.104004
397.5407 20.812256
395.2422 19.874939
382.57837 21.481384
391.50024 -24.139648
418.28455 -19.522186
428.24304 -7.334961
442.4225 -10.63324
453.93433 -36.41211
475.24847 -31.890259
483.8343 -31.542175
481.65765 -50.071716
488.14404 -76.17499
494.20117 -74.158905
475.73303 -89.88202
487.9389 -106.34076
495.01953 -100.04376
496.63055 -112.358215
479.85553 -115.60846
475.46497 -131.00278
482.2694 -146.90613
488.16742 -157.14502
484.84003 -166.77963
495.235 -180.82153
484.08545 -213.20032
494.1808 -227.41306
458.39777 -239.67004
471.29822 -272.94708
470.13867 -306.45596
481.15875 -309.63684
475.47247 -339.2744
467.5523 -362.98822
457.54016 -358.14465
429.29675 -373.4019
416.88348 -380.21136
415.7934 -401.56744
402.07062 -407.89282
387.67816 -421.1253
371.2641 -433.25305
371.7898 -446.7355
376.9994 -454.002
399.07123 -447.1096
418.66425 -436.291
420.8709 -452.42584
427.36243 -467.5201
446.7213 -471.70447
447.6137 -481.82748
473.61395 -493.64542
481.3794 -430.1871
401.22888 -358.94763
371.47308 -354.70807
345.70038 -352.93793
326.6474 -352.84076
316.07056 -322.02017
297.79242 -305.04822
288.9843 -306.3282
305.375 -281.82196
323.5003 -280.60638
325.83997 -263.19897
307.76813 -234.80975
315.1847 -220.77228
279.09625 -223.23297
268.1941 -207.21603
234.31573 -236.50574
225.70453 -252.25723
213.93085 -267.28546
194.79608 -261.99652
184.02686 -248.83818
174.55591 -211.41815
153.25293 -198.20404
148.76819 -216.29953
142.99713 -224.13159
134.81842 -255.94937
107.65588 -272.56427
96.0473 -251.7314
73.43164 -264.1065
65.42407 -257.3867
58.111816 -255.21695
43.552612 -262.59424
44.401978 -268.79944
27.80603 -272.26257
21.813965 -249.90869
-3.8242188 -252.44998
-11.222717 -280.02252
-8.477814 -287.96112
-8.965485 -295.25934
-0.47695923 -291.87155
12.610657 -293.82086
39.437317 -297.73285
55.58362 -293.47885
55.8692 -291.96143
57.02484 -297.92487
47.918945 -315.29437
36.25348 -323.83167
36.18933 -327.61407
28.232483 -321.82587
25.364502 -347.43848
40.608887 -345.765
28.34259 -364.61212
9.77124 -364.90225
8.637085 -367.26093
-1.538147 -347.62704
-23.324371 -331.0428
-34.895294 -354.04767
-39.65271 -363.08432
-48.513184 -343.45758
-60.295715 -346.21274
-61.315063 -331.27533
-58.715454 -330.91937
-85.86072 -337.46912
-75.60681 -372.40063
-83.781006 -375.25903
-71.96414 -394.6241
-62.81842 -391.23224
-61.261414 -381.1915
-54.49115 -398.03314
-44.118652 -423.41162
-29.945496 -434.22687
-26.896729 -416.24844
-13.183105 -407.46808
-6.999359 -420.9044
5.3139954 -404.81735
30.60022 -411.41367
49.650818 -422.41168
52.195435 -442.1339
60.668457 -451.79593
71.44867 -465.74377
48.145386 -476.17496
7.604126 -456.13934
0.71310425 -456.94983
2.61557 -478.1513
-29.468658 -454.0491
-52.440033 -466.82883
-84.05316 -490.79263
-107.25333 -484.6598
-112.049805 -467.25632
-125.60773 -466.44867
-136.33585 -477.6535
-137.04037 -484.94327
-166.89612 -496.54068
-193.56369 -485.63455
-213.58597 -485.31985
-229.04779 -480.04712
-218.91333 -449.66757
-220.4498 -423.9657
-210.18124 -393.87775
-195.96793 -403.39185
-186.46204 -378.1408
-200.44888 -346.24744
-193.28296 -336.4732
-186.00653 -333.1181
-210.59167 -309.12604
-212.02255 -308.60437
-236.62878 -311.6901
-245.67044 -289.83258
-269.28174 -297.4132
-276.72888 -296.41974
-278.80035 -305.46713
-303.697 -321.86996
-314.49533 -322.86285
-287.73834 -352.18692
-280.4408 -345.7484
-283.37216 -366.6048
-274.7308 -376.77216
-256.99268 -386.44885
-251.36792 -390.53882
-296.8885 -399.67273
-298.42783 -390.84982
-298.862 -376.5422
-310.16852 -408.94485
-332.3982 -403.20932
-329.9807 -423.4761
-290.671 -442.28482
-289.2059 -452.90686
-286.95593 -458.9685
-297.92035 -461.48718
-291.412 -473.8575
-283.78928 -477.75162
-295.10248 -493.5262
-314.4306 -470.6297
-336.44952 -474.95483
-325.24823 -492.6983
-360.1036 -486.8083
-362.96582 -486.02045
-414.57785 -481.5886
-434.0285 -468.6724
-452.18634 -474.6008
-471.37903 -475.00003
-487.5624 -465.8711
-494.774 -449.2327
-468.24728 -436.957
-458.46368 -443.86935
-427.46033 -407.7356
-447.3902 -392.2019
-485.30423 -399.58536
-494.69995 -382.03906
-488.92462 -321.11084
-493.9165 -318.7716
-486.3465 -314.23236
-469.95474 -310.74393
-438.8069 -305.5042
-435.9585 -332.41962
-410.72 -364.37225
-385.9602 -392.32935
-392.12775 -404.99973
-345.00574 -373.39093
-353.54495 -354.0796
-380.09238 -340.57117
-383.27634 -329.85486
-367.26285 -313.25388
-365.43988 -268.18692
-349.23352 -258.57617
-347.4772 -262.44427
-339.5078 -257.66156
-324.0601 -236.40512
-307.41727 -248.85213
-310.29175 -266.58536
-321.07892 -279.5913
-297.44672 -232.71692
-296.19763 -204.89096
-268.5617 -200.07205
-291.0409 -175.67099
-287.92416 -148.39624
-272.74573 -125.50723
-268.8446 -115.24869
-282.82867 -102.297424
-305.06824 -69.457184
-294.8811 -44.57675
-304.71362 -24.516449
-331.75598 -36.168823
-339.53 -43.63333
-362.8255 -30.755035
-364.60208 -26.310211
-372.0808 -12.304413
-354.36856 -12.716187
-345.15024 -7.581238
-343.18207 23.37323
-356.01294 31.472778
-359.50934 30.542114
-376.19864 39.84955
-390.27966 35.081482
-376.305 15.3932495
-394.60706 7.8687744
-425.3136 4.2537537
-424.0755 -4.6000366
-408.2204 -27.653442
-384.36066 -49.636597
-381.35217 -72.99304
-401.4802 -74.69379
-404.70087 -80.76703
-393.61166 -96.76849
-375.5046 -103.23428
-355.83698 -99.75934
-342.8867 -141.11148
-318.98676 -146.57462
-350.40582 -167.07562
-368.1717 -204.67459
-378.97836 -252.36714
-397.76587 -246.72699
-442.08133 -251.54555
-466.70782 -225.68323
-464.24997 -217.89444
-459.73874 -214.23721
-468.40335 -205.8233
-449.32413 -183.41245
-448.5984 -181.5332
-442.05786 -185.12152
-421.3412 -170.43542
-450.8605 -160.6648
-455.47342 -158.95248
-476.88068 -173.09976
-462.69095 -120.17822
-461.44843 -118.750916
-464.57648 -85.529205
-449.59058 -76.13193
-437.84283 -86.555115
-429.11304 -94.881775
-444.56433 -57.457916
-455.1958 -42.26947
-443.53674 -33.31076
-467.72528 -27.218933
-480.11078 -28.456696
-494.83347 -28.286804
-469.73325 -9.92334
-463.63104 -7.8792725
-455.8171 30.197632
-464.56458 52.283142
-444.6826 66.640015
-444.6298 77.17273
-448.3919 99.01764
-442.6309 117.973816
-442.9959 148.9408
-415.11023 144.94647
-396.8848 170.86029
-390.68735 168.5476
-356.2921 151.46515
-376.37115 122.424255
-337.6596 106.269714
-326.084 93.75427
-306.42523 92.11505
-303.53296 85.61194
-302.01196 111.88782
-294.50476 111.34924
-294.49652 124.20752
-310.39178 147.85828
-322.43762 175.00543
-291.1078 183.46594
-265.66614 190.16156
-280.98428 213.16052
-293.80347 228.143
-307.39532 209.9776
-322.43585 210.77856
-331.20667 285.71143
-302.4292 297.28326
-307.41476 309.3009
-303.38226 315.63995
-313.3944 322.09705
-322.95538 320.6067
-307.40594 329.76923
-310.35483 341.25592
-293.4023 357.3153
-276.28766 334.8459
-267.37787 317.05164
-256.68536 292.12512
-248.89552 288.9109
-240.67245 281.83923
-241.544 276.6087
-233.30008 266.16846
-211.33423 287.09137
-171.30481 282.4084
-175.22751 313.79547
-137.40228 315.3305
-149.30045 357.49707
-180.04941 369.94708
-188.1293 372.64313
-198.26807 389.84106
-198.66943 407.38104
-190.59503 406.71637
-180.2044 396.1129
-212.08466 408.49127
-234.92563 430.96124
-253.07465 432.89563
-259.53137 425.71448
-276.36145 440.8817
-285.689 439.31604
-298.12396 427.711
-291.03662 410.56775
-306.0838 408.36536
-329.95306 418.98145
-344.81537 444.0907
-317.48114 449.76434
-274.6569 454.49915
-272.45618 471.65118
-257.93268 461.6718
-233.95969 467.75555
-214.60962 492.59735
-205.09137 483.71637
-196.13458 440.14478
-148.62787 443.78497
-134.38309 436.09357
-125.4176 460.1748
-149.11484 475.09113
-158.15723 471.3609
-139.09293 494.83575
-75.85132 489.85168
-81.16507 462.2663
-88.975555 453.35638
-59.243073 459.45416
-38.001312 480.05365
-41.263214 482.95593
-27.973999 471.29083
-5.972748 495.66187
-5.6713867 495.72754
6.340393 487.48956
19.9057 468.10687
19.098022 452.03278
37.499573 451.07617
66.31134 449.3817
93.03497 453.807
110.874146 463.518
123.53351 456.83386
125.05066 443.9453
138.45111 450.51123
162.14227 458.37
178.12048 460.1797
193.88867 441.25714
207.25989 444.32056
224.1247 433.7298
205.44586 413.37976
192.3363 395.04114
192.02551 372.7292
202.78778 355.62347
232.86688 346.41864
234.81427 374.8733
232.5227 384.36688
274.2746 380.6579
297.99762 368.91522
332.06317 369.2917
340.8648 372.45056
334.1895 359.20117
334.8199 334.73053
337.23865 324.58875
333.3446 318.4497
303.42554 322.55927
307.04584 335.28387
275.9057 333.30548
261.10162 342.32654
248.97089 300.23444
264.87317 295.8164
269.13977 289.63696
257.03107 283.65552
277.98138 267.29047
283.3501 257.6443
281.31354 233.45935
274.53876 226.34277
276.45898 198.4787
280.07745 178.89917
302.2472 151.20795
330.562 134.21942
359.9178 135.03656
376.45245 140.4544
384.08838 137.24158
388.65613 168.33234
382.6823 189.46301
425.81317 182.00171
490.6819 202.82483
477.26105 227.2359
484.4992 267.43817
477.8451 282.88483
415.29724 297.6825
431.51855 327.5907
429.15668 355.15045
453.7616 358.96863
453.46222 394.10236
476.8872 392.33673
496.51337 367.2503
482.50165 427.92108
461.07806 443.51862
456.16425 463.39203
439.82324 464.95856
481.5481 464.6336
468.58453 495.29218
421.61334 426.273
413.0564 421.13684
383.30853 442.3239
387.1728 453.2433
391.13556 455.31592
376.60193 452.10004
378.34528 472.02478
372.60223 475.5722
374.81702 488.4021
369.99463 491.2138
339.40887 451.03192
329.4005 417.16656
322.63733 396.2953
276.63196 409.89795
251.22906 423.8614
251.91046 426.5114
264.75165 442.41168
282.136 454.22552
294.22424 477.46313
288.48907 496.84546
265.9167 498.26337
260.0348 497.14288
255.42535 477.5094
206.6283 465.17822
184.87927 498.19696
167.27374 433.89294
152.93298 401.6541
148.41174 368.22632
143.59082 333.43134
121.65344 328.00818
140.16376 308.58002
156.29688 312.0974
145.4375 278.59332
145.54773 257.01117
164.21783 225.55377
171.80469 192.4273
184.35406 196.9104
155.69818 176.30353
168.87592 141.55554
167.9491 129.2193
163.98431 120.530396
150.16113 117.70105
128.70386 112.97772
152.01233 93.460205
134.95612 67.10828
125.80133 53.65393
132.35046 28.16632
149.78864 16.965637
162.81079 49.63971
200.74811 39.818787
222.29205 29.338013
250.14911 7.1430054
275.55725 37.90674
286.52002 70.38031
286.5384 78.82605
282.25543 86.22717
266.93848 89.34631
257.89368 67.477356
213.62244 69.476746
204.93604 82.5683
210.25824 100.15997
209.4029 105.93579
194.58734 135.95795
215.82544 143.96942
219.7008 145.00049
231.31348 165.91907
229.38586 171.42297
224.89679 209.74756
220.62384 228.29126
220.30853 241.72351
194.48303 258.79572
188.72296 265.8092
186.85101 275.8839
197.7334 295.19275
215.88599 281.91736
258.53357 255.42285
280.73297 301.9345
329.58447 259.20105
341.4395 271.2635
360.2661 286.77942
368.01874 295.18738
374.43433 307.6261
413.4499 257.12714
349.06116 233.54578
339.57288 209.60797
332.4082 203.57025
329.8261 180.10059
310.79926 242.04742
283.54095 117.130615
295.9132 101.29425
320.94452 81.60474
331.99963 64.931274
311.50854 52.154785
306.92444 14.709717
328.7282 -9.552612
339.82098 -43.596252
342.1955 -52.542816
354.412 -36.11075
386.20844 -63.649048
390.55493 -70.214874
417.77148 -75.61899
419.02985 -69.80646
420.62476 -70.01614
427.49414 -83.68863
441.9074 -96.750244
453.0705 -90.62744
392.6903 -106.00351
387.8523 -100.232605
350.41345 -81.019165
317.50903 -73.64642
305.88043 -72.00098
303.0027 -81.69235
294.12616 -97.51309
278.6753 -104.27463
285.5395 -116.26373
283.38385 -120.99301
278.44763 -129.9237
290.14697 -140.36954
305.54272 -146.80518
304.9276 -168.74207
264.6823 -158.58197
259.0271 -129.53998
250.34235 -95.79886
258.65973 -75.82712
267.49634 -62.122345
274.06702 -89.88226
226.0921 -61.3891
228.58392 -34.790405
220.32751 -20.14972
188.80115 -3.6594849
177.68896 -34.625763
195.63507 -68.30252
185.65607 -79.216125
199.74017 -89.35654
203.28485 -94.50925
186.47552 -98.86813
186.04639 -115.72122
165.46179 -112.48459
143.47565 -115.70108
137.44427 -111.6196
138.11841 -87.30115
133.47076 -75.73151
110.12842 -57.8096
111.451416 -97.805145
96.48358 -99.60843
83.16876 -92.84497
52.627686 -110.98886
41.99109 -114.98593
57.4765 -123.14569
41.90979 -143.4685
24.868591 -170.49695
23.62262 -174.57425
2.3283997 -154.08038
-13.845673 -177.4913
-2.6955566 -198.88617
25.46051 -221.40228
44.570435 -216.79688
62.660828 -217.005
74.111084 -195.8797
69.2251 -188.99857
103.983765 -165.4303
124.078125 -158.85318
133.29437 -147.85492
178.20953 -147.07208
190.6687 -164.00372
173.31982 -183.75015
218.40741 -183.40396
207.08368 -129.46307
222.15582 -114.18927
285.4099 -252.8174
230.94202 -309.91733
235.28503 -323.6183
226.09326 -345.8446
211.3645 -351.84836
204.4964 -354.4134
202.84973 -350.824
189.74042 -336.7933
204.22266 -330.30045
242.03802 -349.6754
257.71454 -343.6804
263.1272 -340.55017
278.60883 -346.45844
293.04718 -356.11224
269.79077 -370.14008
256.13318 -374.09772
254.75513 -386.17432
216.4093 -403.12207
213.5061 -421.71216
227.94568 -442.82925
183.77808 -434.0198
169.03387 -454.99982
141.56366 -463.1033
135.12036 -472.0843
129.62415 -495.4525
123.9375 -446.84482
123.5459 -446.5916
121.80951 -432.43515
127.85516 -422.26996
151.19495 -406.02448
146.62445 -370.1985
134.17303 -313.15265
156.13818 -305.5121
87.61682 -301.08728
78.96521 -328.85254
84.72229 -341.29382
75.83783 -346.52673
70.67346 -390.2874
-65.43326 -300.61505
-83.87244 -293.27942
-85.29413 -277.78745
-83.82428 -251.8158
-91.611145 -232.67496
-71.32327 -209.60641
-77.571045 -200.49118
-85.11365 -201.65683
-95.82745 -191.68771
-81.63953 -180.76431
-69.75375 -179.4313
-76.85339 -163.49292
-54.5206 -166.97119
-47.59372 -174.98099
-40.064453 -179.66617
-36.45456 -162.82617
-70.589905 -133.76306
-70.243225 -119.59921
-104.56024 -132.18307
-124.29654 -140.396
-126.6564 -150.37848
-139.2002 -157.9331
-135.20325 -137.50159
-140.8211 -129.14337
-146.06012 -115.38397
-156.57318 -109.04562
-195.68384 -117.96796
-186.93243 -140.68698
-165.41983 -166.12173
-176.77332 -178.4165
-180.61865 -212.40973
-209.43356 -213.55557
-209.23053 -200.14252
-232.42331 -220.03293
-229.77628 -248.79384
-228.94238 -254.33315
-223.93549 -270.97656
-202.06726 -271.4889
-192.54529 -260.5572
-201.08783 -252.78973
-144.95407 -237.86996
-126.07681 -244.3105
-148.74887 -283.64694
-129.62259 -296.88977
-110.295044 -364.9764
-121.41812 -367.52484
-121.74356 -380.0459
-131.48154 -424.52634
-129.97366 -445.82962
-152.45294 -440.52173
-158.54932 -441.25928
-158.48828 -445.58286
-159.4913 -447.9834
-126.8338 -191.97021
-105.20624 -158.60034
-60.331238 -79.2005
-93.90961 -52.23703
-107.30325 -21.484741
-90.528595 0.22839355
-99.9577 5.1746216
-80.67322 17.129272
-77.288025 12.954102
-64.66864 16.042969
-64.67139 18.166199
-90.36505 39.73413
-87.20648 65.94934
-95.39462 70.4433
-65.4111 73.68121
-56.562775 76.72534
-36.380646 61.619385
-24.127014 52.54724
-3.8218384 58.546997
8.167389 74.35895
0.098358154 78.83002
-29.723175 76.18378
-36.23401 98.7959
-64.07761 127.686035
-57.764038 143.29004
-88.12283 145.17389
-93.96063 142.33612
-98.2623 153.6496
-103.642456 161.52313
-106.334564 160.02216
-115.02289 172.79242
-116.225006 188.82178
-138.65875 182.69763
-161.89682 196.01892
-177.00815 203.82831
-143.50748 219.96436
-141.55136 263.3927
-188.15695 246.84558
-218.95206 213.6867
-226.95471 143.97754
-240.3599 132.90894
-242.97415 102.46088
-232.97513 97.94464
-219.1341 91.03595
-208.40765 84.77423
-200.90591 102.50665
-205.84763 118.14441
-204.7572 119.59204
-185.49597 117.2738
-192.4318 137.44153
-144.92215 141.2984
-143.40784 146.98553
-119.14575 142.55664
-100.99161 116.578
-158.84698 87.386475
-154.50717 76.06506
-172.01007 89.5332
-174.3169 62.69049
-184.33606 28.100159
-160.39883 17.75
-161.43643 3.677124
-132.41888 -3.2522583
-162.15646 -39.34778
-156.9891 -57.20044
-142.47443 -57.73233
-144.45651 -67.467926
-178.85077 -65.63449
-214.71988 -44.653656
-216.57645 -46.46753
-220.15701 -35.588135
-237.5711 -37.33719
-237.50769 -41.576263
-247.13087 -33.152466
-237.4487 -25.125854
-249.83763 -5.8463745
-260.10013 6.696106
-265.94995 33.643005
-280.55237 36.088684
-295.14636 36.240723
-304.75293 30.056335
-276.9524 51.791443
-262.17258 71.24017
-274.3813 83.07263
-245.81433 53.211304
-247.31851 32.507874
-228.84155 30.692322
-217.99457 -3.753662
-210.98257 -10.861267
-256.98328 -55.488464
-237.16022 -94.65979
-238.89386 -111.92285
-236.42874 -115.55255
-234.94232 -129.03394
-222.23212 -140.203
-222.11789 -109.50827
-260.13303 -140.08951
-225.0322 -173.90036
-396.95154 -143.92316
-495.4841 -109.83264
-485.1141 -87.97348
-491.05502 20.722412
-492.501 35.912415
-482.98932 34.79767
-423.6678 46.86035
-419.29425 41.512634
-383.6144 66.911194
-379.73737 76.35211
-363.85645 67.755554
-355.49176 72.00397
-340.0011 62.926758
-331.22314 71.75836
-415.81094 91.733215
-475.32724 116.50238
-483.6849 119.87433
-480.11887 156.2276
-491.17136 179.19824
-488.45886 185.73187
-489.36893 215.52112
-481.25278 238.16406
-497.15424 289.37115
-453.64798 297.21307
-445.81686 314.1867
-453.05252 341.4978
-429.37695 355.4281
-410.35974 371.40283
-395.3532 378.906
-395.1142 381.96777
-417.99582 391.98303
-430.58038 400.01288
-435.96542 383.1172
-437.9734 382.7932
-446.14566 415.35065
-463.64307 414.70886
-463.7022 406.57404
-475.9152 397.45703
-477.8453 379.89093
-498.0223 389.2282
-499.94553 362.70105
-489.89798 438.7301
-479.5544 445.6078
-449.5063 440.4516
-429.2444 442.7787
-441.71204 465.67584
-412.56427 486.98553
-399.16754 495.17462
-373.74152 474.1101
-382.41684 462.54517
-373.22797 426.09668
-374.37344 422.6836
-376.82153 362.85803
-401.29425 334.79187
-407.0704 326.128
-408.65457 326.555
-401.34406 323.89868
-408.26117 305.5905
-409.90793 303.19275
-426.5876 272.17902
-384.33994 266.47748
-384.16492 267.35925
-390.0888 246.4906
-413.6615 210.38068
-418.59473 200.89673
-432.55817 179.52179
-374.53818 319.39374
-321.85712 366.8861
-261.41534 360.38782
-239.90286 375.6778
-250.48459 389.325
-219.27011 369.70892
-200.49011 351.0232
-122.61151 387.8993
-108.88208 377.29858
-110.808014 373.65698
-107.59152 352.0783
-86.71988 335.37054
-92.37933 329.10095
-54.828033 350.7185
-62.312256 366.57953
-54.664 382.1585
-64.99182 404.8227
-81.97333 412.82202
-81.599945 388.9015
-15.319458 384.03735
-12.9552 381.313
-10.139832 367.64978
2.1471863 367.49127
18.472778 376.55176
24.86206 385.9508
40.286316 397.90833
44.731018 396.18683
58.858154 398.9154
59.155945 393.96545
66.39862 392.2951
72.48187 394.43304
71.702576 415.9167
31.755188 411.17798
0.2305603 412.56152
-5.7857056 415.80127
-18.468872 434.28064
19.1604 352.21063
-8.579956 340.86798
-14.732727 298.51117
-12.316589 273.71466
-2.2249146 237.38336
4.660614 229.04956
12.883179 244.47308
17.027954 244.58386
41.53302 265.5703
57.408325 266.3897
71.358826 252.75647
60.172424 229.90869
46.308777 217.85712
50.362244 194.90375
47.470337 186.7633
37.227173 185.0166
37.019836 185.87805
35.897583 178.46082
23.646118 165.9862
12.980957 189.58118
-2.7264404 159.62445
-38.49341 172.104
-46.092743 223.72437
-53.398743 254.86981
-58.585297 257.71606
-68.934784 275.8615
-67.69061 282.36438
-95.53934 284.70972
-87.361206 216.3974
-97.11505 204.26501
-87.51358 197.18121
45.581116 144.52588
35.137268 111.694824
75.73401 127.299805
93.61755 115.61725
80.479126 97.833496
76.05603 73.82855
41.509766 47.313232
48.108704 31.991333
54.135315 27.521606
57.30078 9.605774
60.585754 -7.720459
61.9812 -19.588593
72.851685 -9.730591
84.493164 -22.09555
49.197937 -34.685852
39.3313 -64.23355
17.039063 -71.7789
25.244568 -99.778534
-6.9301147 -96.05359
-7.3617554 -125.894196
2.455719 -34.082184
-6.2984314 -25.195007
29.222717 -4.1380005
15.71405 30.519104
21.71875 34.169067
15.050415 52.262756
-8.436218 27.403015
-28.456207 25.22467
-44.937958 46.8631
73.83765 190.63446
107.5741 230.1792
104.33673 252.3042
81.74109 282.7835
56.33673 325.05084
67.075134 357.5802
94.83899 339.68176
116.57788 410.26434
117.71893 428.75946
60.647278 477.90527
113.035095 152.00446
355.28027 95.64209
473.6134 48.281555
492.72943 60.249573
485.711 22.972717
490.54596 17.772888
474.41766 13.79071
485.96716 134.72021
428.5163 384.62616
437.33813 -160.2825
422.0287 -164.66165
412.54913 -173.03442
401.78516 -164.35123
395.49194 -161.60141
397.4618 -175.95422
383.10828 -183.15662
382.5916 -198.88495
370.4306 -205.66666
354.85327 -204.78046
380.47827 -239.32217
400.23114 -235.34024
404.91486 -237.09189
406.9483 -229.9888
422.50134 -223.29999
419.00122 -205.00897
409.60596 -194.87988
442.30273 -203.30215
462.09253 -203.42279
375.9193 -274.5843
387.41925 -299.3817
357.1975 -413.99097
319.66052 -432.7686
287.87183 -438.98822
282.96313 -436.92148
273.22626 -480.3351
263.61383 -477.66565
337.88202 -462.8302
378.02423 -479.29846
371.58777 -495.1955
-456.0615 -494.11713
-497.78415 -261.5161
-349.55847 493.46008
437.2495 229.34375
